#file : tai10_10_01.txt
#LB (*OPT | UB)
637 *637
#Number of jobs numbers of machines
10 10
#processing times :
 48  86  24  31  56  11  53  49  38  31 
  2  29  87  89  29  97  44  86  28  50 
 96  96  70  62  72  62  44  55  39  41 
 67  16   6  67  20  46  93  93  97  84 
 68  60  65  37  46  83  40  80  53  82 
 47  57  86  69  12  55  33  29  94  83 
 52  22  96  66  52  67  42  97  38  73 
 83  12  64  91  46  37  85  67  18  34 
 69  92  38  71   8  86  95   3   6  95 
 51  26  90  17  12  60  25  18  72  34 
