#file : tai15_15_04.txt
#LB (*OPT | UB)
934 *934
#Number of jobs numbers of machines
15 15
#processing times :
 90  13  60  46  40  14   1  23  19   3  55   1  23  78   6 
 13  47  53  37  23  72  75  20  17  45  99  31  53  94  81 
 25  88  27  50   6  32  71  73   1  41  73  37  27  92  15 
  9  61  12  97  79  96  51  64  40  34  56  68  92  90  32 
 15  46  68  42  54  93  51  37  23  26  29  41  97  56  78 
 39  31  89  47  38   4  43  38  79  52  35  67  77  90  22 
 55  13  41  32  12  73  15  22  89  83  97  17   7  23  44 
 84  77   2  69  22  90  43  50  69  28  24  67  32  63  71 
 11  36  16  36  46  80  73  51  75  89  89  29  27  42  96 
 71  35  54  61  41  33  17  48  58  82  77  53  66  42  33 
 20  54  82  23   5  56  79  11  27  87  76   5  63  53  78 
 57  45  87  63  34  14  36   2  93  79  95  67  15  15  79 
 82   7  58  70  84  16  23  10  16  90  18  92  76  21  71 
 36  85  96  18  29  16  62  14  97  75  37  11  24  88  23 
 65  72  20  52  94  87  96  58  70  89  44  34  47  87   9 
