#file : tai10_10_04.txt
#LB (*OPT | UB)
577 *577
#Number of jobs numbers of machines
10 10
#processing times :
  8  24  53  91  86  48  16  45  11  81 
 61  84  83  35  41  21   4  94  83  71 
 19  98  27  15  97  42  29  22  97  56 
 50  83  93  18   7  98  59  36  37  89 
 16  60  70  55  30  22  52  74  34  33 
 69  13  95  50  75   7  46  37  67   1 
 91  35  12  29  15   3  22  76  55  15 
 44  40  29  97  20   5  67  19  25  53 
 61  81  44  39  33  26  79  94  32  72 
 59  26  48  84  51  40  45   7  35  50 
