#file : tai15_15_01.txt
#LB (*OPT | UB)
937 *937
#Number of jobs numbers of machines
15 15
#processing times :
 28   6  16  29  93  19  40  10  41  55  73  44  65   5  21 
 98  80  47  65  24  36  61  18  18  33  55  66  70  58  94 
 10  83  81  58  78  48  56  34  76   6  36  77   7  14  41 
 53  73  68  70   5  82  62  90  19  82   8  51  75  84  79 
 16  25  85  72  43  11  56  65   2  24  78  59  63  20  65 
 21  77  32  39  43  48  94  60  27  59   8  28  58  16  88 
 16  72  85  42  27  16   6  39  33  69  50  48  67  40  40 
 47  23  86  22  35  63   3  86  55  44  82  17   3  78  13 
 78  40   9  99  33  42  72  74  60  66   9  44  68  51  72 
 19  18  58  82  58  75  29  80  51  36  84  86  84  86  91 
 85  57  78  54  60  55  10  22  56  82  35  26  64  79   4 
  8  51  65  70  38  42  40   1  82  53  60  38  80   5  26 
 22  36  56  47  88  72  51   4  25  96  98  23  23  32  23 
 46  23  38  78  79  15  43  82  80  44  35  20  89  57  86 
 78  71  81  97  70  67  33  23  47  25  59  39  98  83  17 
