#file : tai10_10_10.txt
#LB (*OPT | UB)
596 *596
#Number of jobs numbers of machines
10 10
#processing times :
 48  39  33  22   1  64  38  29  53  89 
  8  98  73  19  25  19  79  72  28  50 
  4  46  26  78  40  88  46  69  67  64 
 10  12  95  34  20  45  44  87  84  41 
 35  71  30  47  64  73  91  37  16  42 
 76  93  32   2  95  85  91  33  47  42 
 64  90  50  63  77  24  39  94  70   7 
 51   9  13  64  65  66   2  91  84  10 
  1  44  32  36  69  14  93  60  68  67 
 34  67  97   3  67  22  65   9  68  34 
