#file : tai10_10_07.txt
#LB (*OPT | UB)
616 *616
#Number of jobs numbers of machines
10 10
#processing times :
 97  52  59  41  63  77  56   5  83  83 
 81  43  77  64  90  99  22  20  35  54 
 70  16  45  26  42  34  84   2  92  22 
 64  10  88  77  48  60  89  38  30  71 
 84  78  21  19  62  71   1  53  92  74 
 18  11  36  34  31  40  70  48  70  95 
 72  54  77  37  66  36   2  49  22   3 
 14  98  30  19  61  38  61  38  65  93 
 20  64  68  56  77  13  71  71  21  27 
 19  20  88   3   3  65  45  97  99  82 
