#file : tai15_15_02.txt
#LB (*OPT | UB)
918 *918
#Number of jobs numbers of machines
15 15
#processing times :
 41  47  50  75  33   1  72  76  98  47  15  90  98  49  46 
 81  76  86  18  96  18  77  32  95  85  14  96  47  42  53 
 70  45  77  28  36  33  57  30  78  57  47  61  36  60  86 
 53  19  22  40  34  87  49  33  83   5  69  77  46   4  86 
 62  43  49  46  43  36  73   3  49  94  58  35  64  14  83 
 42  23   3  76  62  66  98  42  46  79  78  51  62  89   3 
 96  57  16  14  16  69  12  99  97  82  20  15  67  83  44 
 72  94  71  31  39  84  39  88  25  77  32  67  35  24  51 
 21  55  14  19  76  12   9  95  24  20  95  76  62  28  49 
 92  17  20  89  16  46  62  92  28  90   3  17  42  51  42 
 67  32   5  92  29  47   8  18  66  38  35  24  89   5   8 
 25  89  73  33  15  16  71  22  29  29  80  80  48  49  34 
 83  54  63  26  59  43  80  73  26  15  64  83  77  82  37 
 67  34  51  17  25  72  83  81   9  65  59  58  49  77  50 
 46  41  53  23   3  97  19  99  54  72  73  20   1  94  60 
