#file : tai10_10_09.txt
#LB (*OPT | UB)
595 *595
#Number of jobs numbers of machines
10 10
#processing times :
 13  58  81  73  31  34   3  16   6  82 
  1  80  74  26  47  36  61  15  52   9 
 74  19  28  25  81  70  86  54  91  31 
 33  54  54  52  28  23  74  66  39  90 
 39  32  43  60   1  71  85  52   9  96 
 63   5  66  18  50  99  98  61  63  72 
 89  20  50  71  76  98  31   8  90   4 
 72  78  21  57  11  72  18  95  58  56 
 34  75  24  54  11  21  44  81  94   8 
 62  68  98  35  18  68  86  70  26  28 
