#file : tai15_15_09.txt
#LB (*OPT | UB)
899 *899
#Number of jobs numbers of machines
15 15
#processing times :
  8  42  29  52  42  63  13  57  81  85  46  60  11  14  88 
  6  57  11  16   2   4  16   1  86  75  51  75   3  90  13 
 61  74   5  37  28  93  84  78  59  10  50  31  62  27  77 
 32  53  85  95  14  93  37  51  11  70   5  57  50  84  41 
 45  22  79  79  84  46  39  55  83  92  97  20  38  35  51 
 83  55  17  11  21  82  85  85  23  25  78   5  47  75  36 
  9   1  84  61  13  52  99  81  73  72  60  22  35  99  88 
 24  38  74  89  10  22  94  90  99  75  74   7  96  93  14 
 26  92  30  95  74  46  66  32  39  66  89  61  34  98  10 
 43  54  95  78  76   6  61  64  22   2  12  20  39  21  96 
 99  61  45  55   8  22  94  56  43  43  62  20  90  58  67 
  4  25  30  56  82  30   2  39  18   4  12  24  80  53  33 
 11  14   9  12  35  43  18  59  94  97  59  60  91  83  52 
 97  70  65  95   7   9  69  72  40  63  33  44  95  37  30 
 33  62  38  12   1  72  62  64  33  72  79  34  38  29  46 
