#file : tai10_10_06.txt
#LB (*OPT | UB)
538 *538
#Number of jobs numbers of machines
10 10
#processing times :
 27  56  98  38  22  25  17  65  95  80 
 28  50   8  31   9  73  67  20  31  51 
 37  21  16  99  94  59   5  41  46  72 
 82  22  24  59  20  26  89  82  23  13 
  9  16   1  35  37  69  75  26  94  62 
 78  45  52  11  43  75  33  67   8  90 
 10  54  53   9  90  18  41  84  67  30 
 34  69  49  31  87  15  52  37  21  44 
 59  97  26  67  17  13  64  31  19  35 
 92   9  91  91  77  84  52  31   1  10 
