#file : tai15_15_03.txt
#LB (*OPT | UB)
871 *871
#Number of jobs numbers of machines
15 15
#processing times :
 73  23  64  59  19  67  63  48  98   5   4  56  31   4   9 
 92  33  89  65  39  24  63   5  18  64  18  28  23  26  82 
 60  52  90  94  18   7  32  70  64  43  18  17  22  37  80 
 16  51   1  66  95  75  37  71  88  50  82  19  45  51   3 
 47  46  37  18  99  87  41  12  43  89  66  29  86   7  73 
  8  56  80  50  53  22  78  80  17   2  58  50  94  57  21 
 82  66  40  15  69  47  54  53  69  12  15  91  26  60  28 
 64  54  38  34  43  95  14  64  77  90  18  13  69  63  38 
 96  35  62  71  65  31  61  23  36  65  64  95  16  92  11 
 32  35  67  94  58  77  89   4  26  61  67  40  39   3  19 
 85  60  78   6  73  78   9  11  60  72  24  33  19  86  23 
 70  14  14  18  91  33  12  74  19   1  63  41  45  34  56 
 54  32  98  79  11   5  70  58  85  49  64  95  26  50  20 
 23  33  37  92  49  16  92  61  75  50  40  29   1  66  43 
 69  26  65  55  56  92  13  25  44  26  10  82  65   8  39 
