#file : tai20_20_05.txt
#LB (*OPT | UB)
1256 *1256
#Number of jobs numbers of machines
20 20
#processing times :
 36  47  36  83  56  84   3  29  12  99   9  83  52  46  84  14   2  60  21  29 
 40  70  63  74  93  52  36  75  51  74  93  79  86  87  53  92   7  85  37   9 
 58  98  77  42   3   7  66  89   9  64  22  24  84  69  81  47  56  15  47  33 
 15  94  52  72  51  14  47  69  81  90  91  34  60  10  69  42  15  95  43  48 
 89  24  25  12  56  52  24  45  60  80  25  33  78  32  74  11  76  10  59  78 
 33  89  68   2  56  32  15  21  57  47  54  87  27  87  11  89  33  84  94   9 
 97  71  12  20  95  18  15   3  73  23  96  32  84  20   9   4  43  23  76  63 
 23   3  74  30  16  88  56  98  67  71  25  17  25  40  89  55  17  44  29  24 
 99  66  74   6  97  37  81  94  39  61  92  21  55  43  50  64  18  26  91  13 
 88  25  24  37  75  87  80  60  89  17  26   6  54  48   8  99  97  48  50  90 
 30  46   7  95  12  98  97  94  12  22  51  75   3  30  65  10  30  23  60  29 
 14  81  59  47  62  25  67   7  58  78  89  43  99  98  74  10  30  87  56  57 
 88  78  94  79  74  49  90  18  27  28  77  67  30  25  92  39  60  67  48  97 
 75  46  96  96  52  86  40  74  23  21  91  43  32  93  15  79  43  76   7   1 
 58  18  84  63  95  34  39  24  20  17  47  76  24  49   9   7  20  97  50  25 
 55  87  12  75  22  50  41  29  74  36  16  19  29  80  25  72  60  71  11  38 
  7  59  50  21  40  13  35  51  10  53  43  16  89  95  34  41  92  73  38  32 
 51  83  63   3  43   6  38  51  69  96  67  17  23  78  65  90  60  63   7  72 
 56  46  97  19  27  21  43  61  30  42  67  50  11  30  96  85   1  63  76  38 
 90  56  31  93  51  21  97  31   4  58  67  47  22  81  99   8  63  87  93  64 
