#file : tai20_20_03.txt
#LB (*OPT | UB)
1257 *1257
#Number of jobs numbers of machines
20 20
#processing times :
 17  65  76  86  49  77  24  26  56  16  68   9  97  13  51  57  46  50  40  68 
 65  74  88  46  16  35  15  19  47  39   6   1  78  68  98  96  72  70  51   7 
 78  82  15  41  38  17  41  50  88  10  52  83  63   3  71  24  67  23  79  65 
 33  50  57  98  95  24   7  17  33  49  78  79  91   5  29  15  17  40  88  54 
 42  39  84  49  45  51  59  39  66  50  76  38  63  86   4  16  32  50  58  56 
 58  70  55  87   9  90  79  38  45  60  31  39   6  31  35  57  79  84  11   1 
 76   4  76  80  88  71  85  19  79  44  47  88  99  82  54  89  23  72   8  73 
 59  83  96  25  83  85  53  90  29  76  81  33  15  73  70   5  11  56  93  64 
 78  72  37  39  37  56  13  38  56  68  27  52  92   2  41  22  20  57  75  24 
 71  55   2  45  44  96  26  52  42  78  64  60   7  42  56  49  55  87  42  73 
 37  62  84  45  44  27  15  31  29  10  93  35  95  70  34  61   1  87  38  72 
 93  75  71  87  13  15  96  62   7  31  16  47  15  95  91  35  51  21  19  77 
 80  24  49  44  23  47  10  54  96  63  54  66   8  90  20  21  25  32  84  80 
 56  54  10  35  79  31  88  63  23  37  39  57  81  35  71  51  87  78  76  54 
 49  15  36  28   6  29  24   1  39  85  52  50  40  73  87   6  35  80  36  54 
 75  79  88  24  15  68   2  19  81  67  82  33  40  83  99  63  49  42  84  32 
 31  47  44  83  73  45  48  14  69  80  58  54  53  51  61  56   5  68   1  11 
 87   7  43  72   2  61  81  12  38  56   8  45   2  91  52  81  90  48  53  70 
 77  43  62  76  19  87  23  18  17  39  85  18  12  22  19   4   7  25  71  33 
 75  62  49  21  92  47  38  96  69  93  51  27  41  71  13  26  43  93  91  74 
