#file : tai20_20_07.txt
#LB (*OPT | UB)
1294 *1294
#Number of jobs numbers of machines
20 20
#processing times :
 63  34  93  57  28  22  56  98  77  39  92  23  87  48  24   9  40  12  26  44 
  8  27  88  90  52  57  61  45  71  60  79  50  57  97  68  69  22  75  25  96 
 50  20  21  93  26  91  95  61  31  38   3  41  12  91  62  97  79   1  98   7 
 54  25   6  75   3  71  68  83  73  77  88  54   9  60  69  99   8  62  84  76 
 58  37  84  14  37  41  59  50  12  84  27  24  49  89   9  81  49  53   3  49 
 51   6  18  23  40  70  89  82  18  39  22  19  56  76  57  99  81  39  65  90 
 93  57  96   4  95  59  49  42  99  85   8  84  88  50  90  72  17  26  38  65 
 61  23  57  64  49  97  91  16  91  66  19  19  71  11  31  48  81  24  75  70 
 50  14   3  52   9  83  40  77  78  99  11  37  77  19  42  22  62  15  94  74 
 44  14  26  42  44  88  61  47  55  88  51   5  91  99  57  60  62  97  40   2 
 29  83  40  85   7  38  63  13  17  92   5  25  97  91  18  10  16  77  54  16 
 13  63  28  37  85  38  41  78  87  17   2   7  24  64  55   7  91  33  53  39 
 15  24  70  39  98  32  12  84   5  76  67  31  68  67  88  82  18  96  64  85 
 34  30  85  83  68  23  90  29  46  25  79  57  73  10   2  74  10  88  31  87 
 22   4  36  40   5  78  71   3  21  86  84   1  29  36  75  33  63  68  78  81 
 93  44  26  62  60  85  98  38  97  53  25  19  53  87  26   2  28  44  49  20 
 27  62   5  64  79  88  91  85  91  79  43  67  34  97  30  93  76  24  54  56 
 36  81  62  88  71  99  40  75  93  43  18  20  77  62  99  81  55  78  27  55 
 76  37  68  95  28  80  28  76  94  78  74  48  58  62   4   8  57  36  88   1 
 85  27  37  34  19  54  29  36  90  50  11  46  38  72  15  43  97  22  58  24 
