#file : tai20_20_10.txt
#LB (*OPT | UB)
1241 *1241
#Number of jobs numbers of machines
20 20
#processing times :
 15  70   6  33  47  19  60  87  55  36  97  49   2  10  72   7  83  72  61  88 
 49  27  13  67  83  17  32  27  78  96  65  64  36  84  82  17   7  96  89  21 
 12  77  47  28  77  39  14  93  26  52  57  28  21  72  80  85  63  17  44  86 
 98  94  21  87  73  26  57  47  91   2  11  35  40   6  89  48  38  26  93  25 
 15  91  59  88   8  64  83  91  73  42  80  92  20  65  65   5   8  29  60  19 
 10  92  30  54  41  77  21  84  26  54  29  12  82  81  84  72  33  49  34  65 
 98  28  92  80   9  17  37  90  55  69  41  19  56   7  40  45  90  53  46  12 
 85  76  75  36  97  74  69  10  54  59  89  13  47  77  11  26  50  18  97  20 
 47  50  69   9  92  16  85   2  29  33  53  61   2  72  60  65  73   2  67  61 
  5  59  27  24   8  77  30  47  24  25  33  72  83  27  10  30   5  69  86  92 
 98  69  61  76  86  56  89  77  94  32  57  12  25  82  12  63  29  80  13  53 
 49  15  73  47  64  89  29  75  51  36  52  77  99  21   8  81  63  69  59  87 
 78  92  46  90   9  14  90  66   1  43  92  23   7  92  85  51  81  42  77  13 
 28  94  30  72  49  87  42  13  58  83  39   8  46  74  19  26  95  67  40  40 
  9  41  11  10  98  96  62  83  36  74  28  64   5  96   2  72  53  31  88  71 
 49  45  64  97  22  82  87  27  79  76  78  13  59  19  68  18  39  99  17  43 
 63  67   1  83  58  27   1  21  98  87  80  24  96  61   7  28  23  62  17  43 
  4  53   7  72  46  34  72   4   8  54  87  15  55  16  87  31  85  38  78  44 
 22  19  13  96   2  91  73  42  56  21  48  19  91  33  22  61  79  25  18  26 
 92   4  37  92  64  61  32  18  26  88  24  49  41  71  10  94  51  75  96  57 
