#file : tai20_20_02.txt
#LB (*OPT | UB)
1241 *1241
#Number of jobs numbers of machines
20 20
#processing times :
 66  59  94  82  10  48   9  93  96  16  68  30  99  52  72  57  92   5  57  75 
 65  73  44  64   1  61  17  69  98  75  82  48  81  70  72  23  63  40  43  30 
 65  60   6  86  88  90  64  54   4  53  38  59  29  71  75  81  78  73  54  14 
 49  39  93  83  55  87  12  85  44   9  60  41  23  98   7  32  38  88  39  68 
 40  25  13  14  44   6  63  18  27  46  84  55  14   9  11  14  59   7  10  16 
 84  97  33   6  84  95  37  29  12  87  78  96  24  47  45  70  71  55  94  97 
 48   8  14  24  23  17  58  11  16  82  32  80  40  65  37  13  37  69  60  71 
  7  61  35  25  17  99  64   2  64  52   6  69  51  49  91   9   4  63  78  36 
 16  69  39  91  84  71  85  87  81  21  36  43  58  16  31  84  97  79  11  67 
 27  50  95  88   8  36  38   4  30  23  69  55  91  91  45  25  97   7  76  97 
 23  96  18  18  82  51  90  61  38  97  61  51  15  11  23  82  94  36  74  13 
 51   4   6  90  47  58  22  48  78  43  99  72  11  88  30   4  49  79  35  71 
 47  81  97  78   2   5  90  20  42  47  88  82  36  94  36  61  64   8  22  45 
 64  72  83  40  20  86  29  95  72  79  15  81  76  76  65  51  55  59  67  54 
 33  21  92   3  88  15  96  11  53  29  23  58  32  71   2  37  59  82  91  80 
 64  92  83  18   5  54  75  63   1  47  16  34  95  84  50  21  61  37  79  43 
 99  30   6  40  40  71  39  99  88  24  75  72  16  11  97  60  97  61  54  46 
 54  57  26  67  30  79  67  89  56  82   6  49  15  69  88  31  37  29  65  17 
 56  65  16  79  31  79   6  55  60  77  49  85  78  18  83  78  32  62  25  39 
 52  29  79  76   6  72  72  47  73  62  33  25  72  95  84  26  30  60  35  55 
