#file : tai20_20_09.txt
#LB (*OPT | UB)
1289 *1322
#Number of jobs numbers of machines
20 20
#processing times :
 92   9  11  67  14  50   2   3   5  70   8  92  58  47  39  96  57  48  65  20 
 22  15  62   6  59   3  57  12  23  44   4  16  32  42  11  63  22  10  49  84 
 87  97  38  86  18  56   1  94  54  92  19  76  89  77  95  58  39  22  81  75 
 56  74  49  50  62   2  24  24  59  18  34  87  80  57  63  69  62  91  75  70 
 73  56  95  35  24  69  70  59  60  42  54  34  50  78  51  60  76  92  93  73 
 81  86  25  49  98  55  13  25  38  72  89  35  25  68  93  62  30  45  43  21 
 88  19  32  98  80  47  68  21  74  37  28  56  83  48  56  19  95  19  73  99 
 16  97  15  42  64   8  30  47  98   6  93  74  59  62  62  11  76  56  63   6 
 58  84  89  97  36  51  43  56  29  96  40  66  74  32  89   4   8  55   7  37 
 23  36  10  11  49  93  22  13  86  15  24  88  61  49  85  53  91  99  50  78 
 12  95  47  98  99  57  42  51  24  62  73  88  50  61  57  97  92  85  94   5 
 21  14  49   1  80  16  88  70  42  33  69  57  30  36  43  86  17  18  48  52 
 25  34  36  61  42  95  66  52  20  98  79  88  39  42  13  48  86  91  83  19 
 33  60  46  77  39  95  26  79  48  40  97  31  24  96  88  65  45  62  15   3 
 84   8  72  71  38  28  59  35  70  44  93  76  61  61  14  80  97   4  91  55 
 73  79   2  59  71  52  38  28  97  29  31  14  78  89  10  25   6  65  54  99 
 43  35  26  48  43  58  15  18  26  96  42  23  80   7  71  18  67  91  89  73 
 56   7  76  31  49  20  82  33   1  77  95  19  27  66  69  63  18  82   8  79 
 44  77   1  27   2  49   9  14   6  96  85   4  70  95  19  11  18  46  93  77 
  7  84  55   8  49  37  46  90  90  65  64  19  33  28  98  54  17  26  59  73 
